version https://git-lfs.github.com/spec/v1
oid sha256:8d7766b65f247b4a841fb4ff0c72bef28c2f5c46155dd5145590e89225419635
size 1494284
